312
933
858
516
990
445
836
904
236
558
580
576
208
798
144
638
265
792
746
62
436
920
18
967
813
481
77
293
957
551
501
702
167
94
130
80
913
484
329
18
592
125
178
713
395
732
316
800
536
375
271
671
553
265
385
208
684
670
306
805
273
59
151
894
206
178
15
78
276
98
957
165
211
797
564
992
457
696
962
423
610
315
327
831
316
278
214
925
8
491
735
639
916
670
4
177
118
707
860
122
21
188
687
957
539
17
515
285
392
100
988
345
938
167
790
988
401
882
198
570
434
777
297
136
106
848
280
115
23
843
535
411
480
904
213
142
821
751
120
692
383
734
188
128
824
540
977
293
160
963
4
860
394
974
215
994
997
47
880
640
886
471
578
572
239
659
975
769
194
881
440
527
532
326
631
200
858
72
988
71
829
149
514
990
111
130
538
393
382
749
430
187
966
519
679
81
2
133
334
372
215
417
925
210
221
41
798
919
366
535
989
192
670
619
473
817
917
997
528
313
602
13
483
914
959
86
138
504
797
850
999
555
347
400
680
406
854
183
528
379
27
643
986
973
264
175
74
100
439
981
41
459
349
823
914
149
870
560
585
295
660
266
315
832
985
572
368
223
713
553
433
308
853
876
658
256
851
27
386
598
740
195
331
192
381
561
809
267
103
248
985
888
340
371
933
286
199
797
436
452
458
207
891
672
864
700
738
3
253
603
130
390
621
817
723
750
581
902
471
648
920
510
289
144
307
390
42
123
942
405
627
137
858
477
652
928
177
593
510
631
484
612
742
952
6
839
353
211
365
638
238
661
863
99
517
567
101
621
566
488
843
786
647
570
143
280
625
518
698
863
861
435
591
754
436
657
768
448
141
471
479
127
906
787
596
696
289
310
916
44
839
462
910
254
416
320
489
446
352
565
306
558
955
758
608
425
827
805
489
453
562
936
688
158
461
771
188
930
825
54
745
489
991
205
951
167
640
305
942
389
12
635
896
352
802
300
572
952
872
238
756
18
660
577
312
690
878
930
672
152
583
142
324
818
999
35
183
849
726
443
918
11
979
353
378
285
391
269
634
918
607
87
6
878
274
48
184
424
750
382
240
278
782
188
732
354
512
71
788
30
217
255
546
360
542
330
694
205
13
575
748
211
38
538
270
758
89
914
14
938
196
305
388
124
743
319
694
792
537
513
632
87
271
513
596
926
488
626
265
624
852
87
633
984
297
496
270
61
910
812
141
201
725
35
366
930
459
282
798
535
593
690
920
73
72
417
585
340
988
501
42
54
835
222
370
57
98
598
23
47
663
478
942
799
833
573
292
534
833
307
799
542
239
477
853
760
922
133
149
330
98
632
531
373
155
36
845
12
494
722
384
868
609
718
247
428
530
976
733
108
26
266
30
199
760
302
504
278
649
707
423
97
686
946
225
680
936
744
500
281
526
50
493
537
503
300
193
869
810
880
30
386
152
60
480
683
89
132
403
208
294
129
864
371
907
824
665
704
714
482
510
316
982
774
399
530
251
167
203
645
618
598
338
541
821
347
626
258
756
651
78
946
324
869
209
131
872
298
218
548
981
213
669
92
821
471
853
844
486
476
116
794
56
848
768
839
720
896
301
534
760
390
915
525
603
833
475
778
729
12
156
559
12
945
499
917
678
744
292
316
853
309
145
87
499
572
754
143
659
296
957
240
437
604
610
979
945
906
61
23
466
880
973
303
485
734
253
803
210
2
630
484
236
651
261
896
919
152
73
406
79
916
423
793
872
534
259
797
879
591
647
651
443
307
219
414
458
55
272
547
85
463
580
38
708
753
340
570
508
594
954
385
216
58
885
909
117
431
448
789
327
627
738
657
803
80
119
98
772
752
153
848
986
870
752
932
754
908
550
84
792
335
52
706
433
167
830
546
617
764
793
951
928
146
674
245
115
979
899
169
718
510
457
952
402
589
569
120
435
221
135
688
54
194
459
117
128
799
78
957
176
69
154
799
775
312
149
402
394
156
957
824
542
975
594
628
674
113
509
3
739
338
146
286
147
506
259
840
730
925
212
441
840
747
141
189
292
665
644
344
338
551
301
516
452
112
332
501
951
541
847
71
145
992
876
93
771
413
14
55
55
478
782
813
408
938
95
759
140
671
336
138
959
404
504
998
69
852
202
556
352
406
61
142
672
643
30
693
495
623
360
134
190
123
503
164
176
701
207
570
288
393
847
428
498
645
884
432
709
871
567
192
295
79
546
787
396
562
60
112
559
740
729
759
848
952
772
371
177
911
901
996
979
286
984
865
485
305
337
606
801
576
252
562
919
406
403
275
141
937
531
281
995
922
574
1000
486
754
263
233
976
759
638
838
610
1000
35
378
211
460
43
126
315
672
865
700
841
668
251
733
999
151
647
324
756
859
502
96
715
459
799
866
956
707
812
170
910
243
350
429
504
783
218
496
550
948
961
808
654
669
413
205
1
245
197
832
277
283
74
33
372
506
637
854
449
312
179
821
186
221
897
485
212
908
297
660
462
768
580
181
354
383
228
715
82
91
307
755
455
578
326
153
451
887
687
862
140
799
943
69
276
398
913
554
553
931
551
498
404
337
370
792
918
477
351
832
210
933
498
263
625
58
556
781
720
358
636
118
907
92
97
733
667
668
955
631
699
37
767
690
52
972
583
802
733
755
183
861
491
745
166
937
538
788
938
414
373
635
172
866
869
373
687
238
203
537
506
429
315
845
670
360
742
65
780
38
869
28
589
581
150
295
391
844
582
238
981
192
622
814
325
807
625
164
352
945
171
654
401
747
861
1000
127
790
604
921
481
286
145
177
937
689
368
358
604
846
999
615
713
389
596
10
558
494
263
967
261
272
761
718
292
936
296
348
297
397
771
736
198
48
321
743
635
822
300
675
896
866
699
599
834
158
170
269
505
30
736
616
987
594
79
390
658
166
928
948
623
820
280
777
773
699
13
123
576
473
995
682
401
522
571
113
194
637
85
916
139
677
579
415
894
471
200
86
709
608
613
333
464
346
969
339
42
309
290
922
178
285
521
356
474
136
589
661
337
809
87
275
919
541
822
516
545
781
633
516
428
955
46
689
902
795
212
132
452
776
194
83
79
735
789
431
501
356
847
515
627
35
19
497
477
413
849
111
157
495
52
449
512
739
931
314
562
637
444
630
194
733
603
9
202
956
594
113
376
438
324
821
297
136
8
240
605
217
490
350
407
104
953
344
856
951
888
110
324
196
50
590
838
858
671
195
318
902
913
634
707
160
568
96
133
615
11
442
409
713
422
250
859
433
882
432
941
176
380
647
387
67
674
575
674
172
54
28
307
514
705
861
35
389
827
290
719
756
762
622
720
676
353
566
822
174
327
596
506
957
152
532
264
419
670
120
753
881
849
18
117
401
584
242
562
412
544
185
288
550
641
440
864
882
598
694
690
451
960
857
94
886
952
527
975
985
942
122
905
582
777
127
476
87
892
222
397
162
904
199
191
677
871
865
964
927
450
63
82
543
766
729
244
930
799
236
205
191
71
387
725
836
509
191
208
415
457
813
833
301
483
765
690
813
404
456
32
18
421
982
403
348
20
771
891
632
949
196
887
660
985
620
355
775
86
213
768
220
728
590
687
482
270
305
157
537
447
195
683
452
243
235
973
944
293
637
516
93
876
458
904
561
337
585
847
732
528
9
477
183
713
468
486
559
362
419
832
778
72
562
912
116
591
436
606
420
455
932
915
276
178
160
477
135
538
706
976
672
465
486
222
638
509
490
476
957
570
388
279
409
985
885
337
315
635
873
84
503
793
916
627
357
265
766
650
62
671
914
986
377
842
334
296
932
311
789
276
308
155
21
150
818
856
749
82
90
168
972
704
991
393
133
370
781
861
678
132
492
936
120
773
59
459
407
9
623
570
451
815
154
845
774
391
593
814
325
201
74
176
762
365
654
186
26
697
351
721
647
121
197
356
71
292
71
463
558
933
682
522
96
16
602
265
340
138
23
419
419
268
675
497
34
911
466
605
911
688
258
764
864
270
392
341
567
62
568
688
805
609
962
487
813
417
369
589
671
491
346
249
973
548
120
112
587
147
21
957
247
37
634
336
616
975
294
489
637
294
672
43
271
174
879
793
271
142
51
734
683
238
328
419
59
195
51
314
146
312
157
485
185
488
210
812
251
617
866
242
766
598
307
540
234
309
55
972
320
923
231
596
33
681
532
763
207
904
235
359
842
421
466
143
848
581
154
488
526
911
571
153
700
804
109
690
999
345
284
62
67
611
942
76
912
719
586
423
72
631
434
736
140
891
477
344
124
653
900
105
469
287
637
192
261
763
750
947
897
553
478
613
271
491
749
692
725
957
391
301
494
310
650
822
405
682
192
290
551
477
461
954
590
928
187
142
760
969
651
611
666
924
207
171
941
52
597
141
278
84
677
434
495
312
929
485
349
992
819
791
961
455
503
320
881
845
596
314
529
970
238
806
548
906
166
26
344
749
588
715
259
967
63
573
38
534
404
849
945
830
805
960
135
705
125
14
424
53
880
498
130
94
99
728
502
982
199
988
943
434
285
292
119
247
41
606
723
227
543
770
676
814
323
964
952
360
869
274
815
809
506
363
478
994
755
184
283
328
189
263
726
535
9
981
782
667
642
374
531
977
984
376
976
990
240
57
471
103
749
113
104
788
93
196
415
66
979
80
470
482
435
563
723
969
758
564
903
290
42
756
543
482
718
803
861
830
226
605
665
377
218
104
13
430
278
818
931
541
185
249
128
581
933
832
718
403
22
874
909
854
427
179
883
115
772
866
235
851
4
464
568
195
243
857
779
887
633
569
36
961
885
807
107
680
717
692
371
124
954
467
597
603
232
364
926
616
766
440
826
278
785
829
841
380
197
834
673
78
48
593
699
697
688
62
794
763
626
78
13
564
700
419
404
845
492
762
648
93
939
519
691
140
548
525
483
608
494
119
614
171
885
948
839
565
832
892
600
486
93
590
522
961
647
298
563
263
290
382
115
509
987
154
359
334
738
102
960
349
372
420
967
524
527
106
462
585
115
636
858
409
179
603
44
313
285
110
181
516
500
802
182
993
753
337
814
966
790
692
822
198
155
565
814
571
291
980
454
81
117
316
222
214
265
379
838
927
194
80
445
866
907
379
267
602
539
476
778
509
148
402
56
818
684
544
351
79
548
746
634
205
606
438
64
658
701
284
221
98
163
726
670
807
331
974
821
584
362
894
654
311
98
264
121
275
960
7
557
437
91
121
97
246
131
966
71
70
184
653
548
388
71
954
986
54
260
144
435
460
889
107
444
76
756
909
544
752
312
124
453
325
118
405
699
325
170
902
141
469
318
11
237
295
299
405
976
469
677
981
916
833
694
245
435
451
923
931
705
881
413
446
617
246
185
280
720
632
256
642
288
289
249
178
226
532
73
623
979
154
408
803
440
9
795
137
830
163
727
326
638
207
641
332
117
617
82
769
208
828
593
993
476
275
241
775
861
306
156
669
785
292
183
478
758
717
358
578
418
990
282
404
57
380
352
367
628
223
237
797
590
20
68
315
838
165
909
60
910
90
307
731
368
640
721
962
600
248
496
546
649
483
596
468
713
456
495
538
279
37
53
401
956
571
863
551
723
917
863
851
976
683
166
459
852
355
272
50
99
377
444
371
381
254
538
339
775
121
350
832
195
774
85
917
459
472
762
462
171
393
475
524
280
119
764
480
262
259
693
510
868
527
676
677
200
432
163
191
344
734
906
735
666
103
487
504
103
901
930
321
673
768
214
176
688
831
317
248
149
225
160
787
550
507
304
30
211
128
701
792
986
797
700
159
291
249
483
507
157
761
197
234
65
114
154
179
197
28
611
595
524
422
370
949
712
825
171
48
117
431
37
619
673
372
841
612
944
406
188
493
966
662
687
1
52
99
742
695
462
529
859
358
206
506
204
270
997
93
775
829
864
70
86
183
235
117
747
385
333
137
290
185
4
831
735
775
184
995
524
161
374
885
589
280
598
323
910
386
960
118
574
32
840
865
328
481
55
874
291
615
534
945
382
140
894
52
937
937
536
574
281
757
62
962
788
530
762
16
760
417
380
833
146
661
34
295
901
721
964
413
477
45
890
595
432
969
340
855
382
313
752
548
877
343
798
747
593
686
192
225
692
330
955
476
600
100
617
56
835
312
976
313
73
921
418
725
240
186
547
261
407
76
322
935
963
342
11
937
649
355
277
58
981
535
313
502
456
95
343
763
900
196
178
457
628
44
608
198
375
322
496
892
758
597
621
460
833
611
450
339
260
280
810
867
586
353
939
829
958
390
564
137
126
258
423
865
135
294
409
960
798
703
561
896
595
322
779
269
681
166
298
778
980
42
487
221
424
340
130
48
228
533
700
798
824
122
94
518
913
205
395
404
660
810
737
437
258
142
464
821
33
788
987
404
363
45
392
441
93
814
968
19
982
97
715
336
404
591
709
114
276
116
1
42
181
512
287
169
976
33
467
583
218
20
749
691
932
542
348
279
774
828
581
618
958
351
971
491
38
808
208
454
400
837
849
80
212
980
372
46
832
116
248
588
591
119
44
973
548
346
448
758
693
315
113
575
778
191
142
682
300
444
722
914
956
197
106
200
528
786
627
456
253
186
392
609
678
194
828
970
145
705
707
976
859
545
567
572
711
858
335
868
272
933
643
849
883
965
113
351
737
586
773
283
110
907
257
625
701
118
398
894
917
946
262
382
612
903
531
801
293
459
301
119
703
689
23
581
272
951
289
691
583
163
177
593
788
967
126
896
782
739
97
420
808
76
545
205
55
846
886
538
901
820
440
999
252
152
732
474
342
911
255
271
105
961
36
649
115
105
178
851
363
31
42
383
656
649
338
703
402
247
730
89
690
812
774
614
55
451
485
334
219
166
533
523
104
125
873
777
535
953
530
156
190
415
115
857
399
65
113
603
802
893
324
589
409
481
428
361
14
325
705
74
610
971
137
11
682
417
685
362
693
442
529
511
729
79
763
773
729
220
91
278
424
81
99
14
852
222
695
244
902
940
396
218
324
288
856
427
306
969
890
713
321
462
272
800
179
448
137
447
835
132
509
712
524
374
261
706
3
17
434
132
572
410
555
164
370
951
494
122
565
852
675
481
14
169
139
766
175
734
182
508
270
374
668
739
765
281
397
524
424
890
806
359
913
209
17
435
364
461
177
711
391
197
938
342
193
837
524
28
824
893
622
148
326
755
463
475
101
297
490
637
223
991
676
707
54
221
957
314
305
851
819
327
986
869
616
426
716
725
755
336
761
440
650
302
56
932
923
518
519
818
333
605
75
846
779
644
747
972
29
19
58
666
887
307
715
478
55
673
559
775
668
497
602
666
806
971
760
981
191
609
826
68
873
616
255
891
51
105
403
548
237
788
573
11
114
26
230
560
657
204
185
818
738
479
61
271
974
642
681
800
941
655
606
453
198
249
312
184
340
639
633
762
103
849
713
345
825
689
92
183
773
275
440
417
601
272
324
501
641
291
558
539
910
676
790
693
55
443
311
286
499
129
866
741
147
930
154
131
285
118
955
650
983
418
94
948
810
649
40
241
172
888
278
437
930
270
388
131
969
961
261
497
788
154
977
417
341
565
865
465
536
661
89
613
485
728
148
460
711
291
80
214
988
942
885
497
511
938
42
185
529
325
643
810
409
327
226
857
141
16
544
537
12
943
785
854
358
514
32
606
830
718
968
568
434
237
734
380
58
220
687
121
486
338
623
698
45
112
871
246
935
163
936
887
65
590
971
639
922
785
730
546
683
990
506
919
965
911
273
301
59
408
448
12
211
611
391
665
410
537
337
610
543
443
947
8
385
282
375
773
773
411
176
728
144
140
445
487
13
936
412
153
74
157
144
922
63
529
882
174
538
415
802
933
464
993
825
291
272
582
190
563
78
704
764
846
148
704
190
178
275
274
531
364
440
101
659
594
411
933
686
210
207
885
291
922
887
665
32
78
478
325
796
448
505
392
519
366
487
233
49
278
183
298
796
678
562
738
69
554
60
366
346
942
867
595
67
599
449
39
860
359
206
302
31
582
9
645
597
958
908
688
96
169
572
213
213
961
289
271
886
788
38
328
897
374
848
275
88
176
794
387
620
80
213
413
847
541
270
206
9
111
819
861
402
848
997
211
901
65
252
205
179
887
787
789
40
946
650
54
785
735
710
39
235
474
135
524
134
686
434
378
22
122
335
960
197
567
440
338
222
915
217
944
804
226
790
434
179
753
200
174
80
854
222
759
72
427
771
412
289
515
29
540
446
271
322
588
870
373
849
988
591
793
642
174
52
277
238
223
140
71
805
604
959
596
70
629
295
941
623
541
963
535
354
467
83
692
525
988
990
799
963
392
175
454
848
8
773
106
536
718
846
580
563
11
448
117
409
32
260
398
350
884
350
647
949
418
164
679
983
148
997
785
529
90
818
324
492
446
588
765
125
460
780
530
464
99
947
915
743
21
194
522
450
302
251
713
946
89
365
957
330
157
783
513
311
888
382
662
921
615
139
669
961
81
445
676
6
407
153
470
684
413
104
342
175
649
514
901
226
429
35
46
665
788
407
335
944
705
515
231
97
250
548
909
711
192
291
503
952
465
969
545
993
886
170
171
589
718
657
813
201
462
932
466
662
959
951
78
609
296
509
55
874
266
478
362
316
48
563
371
54
393
584
625
273
994
926
997
582
960
408
279
755
936
560
111
108
462
317
230
374
919
638
445
518
221
113
475
23
618
848
896
507
773
251
149
236
428
917
108
478
841
491
582
679
399
671
417
614
892
886
765
738
672
272
831
648
859
513
272
309
903
214
631
946
95
505
351
965
424
424
843
350
843
603
554
887
421
714
921
530
517
158
314
403
688
585
176
588
12
220
866
746
642
442
349
756
953
476
576
132
840
879
476
706
429
763
952
141
959
418
354
970
792
33
423
323
972
555
150
803
527
659
842
404
844
560
975
999
944
628
123
698
845
373
453
272
658
964
885
781
803
496
950
635
874
820
196
167
696
534
785
206
612
800
404
207
504
872
661
841
578
406
556
237
737
725
772
529
973
290
954
933
642
472
876
148
396
35
666
821
949
467
76
483
645
626
618
498
560
152
175
837
885
862
38
464
979
158
26
833
698
70
356
508
885
538
858
347
256
60
397
380
880
705
299
410
103
412
342
623
95
108
373
185
970
869
147
497
834
622
137
766
354
469
13
962
244
78
351
397
125
893
769
979
630
629
260
725
261
114
156
106
815
359
45
437
938
516
62
727
333
501
305
183
488
748
244
432
78
88
3
327
16
415
455
707
895
763
188
527
626
815
883
960
471
274
387
780
562
472
112
476
459
520
499
587
939
754
763
790
694
16
401
322
548
510
218
447
430
955
174
133
229
189
836
277
697
402
201
519
651
447
981
965
998
148
137
963
337
798
502
756
979
392
728
705
70
175
442
622
822
940
41
862
605
3
580
390
146
525
640
621
44
425
901
978
145
388
139
939
68
134
724
455
419
538
422
535
87
301
995
975
391
811
509
503
433
884
955
711
545
812
832
460
829
16
705
368
859
498
596
845
964
958
899
837
158
52
425
405
442
634
868
890
631
791
845
117
985
188
369
549
818
445
470
124
759
408
747
432
882
969
429
443
712
264
850
1
561
483
710
358
500
994
223
575
89
212
50
263
740
674
29
431
529
69
651
190
987
229
270
343
524
137
130
89
708
889
831
675
125
753
571
384
166
26
492
312
791
60
899
150
815
433
603
339
324
458
23
493
456
144
480
141
315
190
332
761
147
277
207
159
279
748
593
302
247
213
811
891
520
258
599
981
872
980
540
87
831
432
345
382
770
160
245
199
333
160
571
874
440
878
569
269
762
48
612
78
9
815
129
597
858
795
258
179
574
683
528
897
131
5
689
650
53
444
575
57
885
931
160
98
350
669
794
628
79
544
555
98
538
482
360
180
765
363
663
841
870
947
833
845
467
616
15
763
2
552
820
862
37
394
885
787
232
866
389
899
82
75
498
734
273
66
298
490
367
388
596
835
806
931
332
292
879
935
303
102
126
154
933
663
637
896
963
565
565
610
959
329
151
24
462
761
44
548
947
186
282
500
75
360
878
20
622
414
911
841
292
382
303
21
222
710
371
576
430
975
559
217
224
421
669
187
649
988
484
129
334
874
898
130
730
254
122
208
116
515
977
227
887
770
647
399
656
794
180
414
713
963
698
789
339
157
668
612
233
919
84
680
507
380
822
420
524
912
221
902
709
444
308
242
399
193
768
23
855
501
539
588
628
455
276
885
271
577
460
968
899
984
990
255
271
685
786
450
137
33
124
5
681
421
279
557
296
67
550
663
962
42
315
790
952
40
481
470
234
836
765
448
818
929
779
249
598
624
70
38
879
961
591
160
296
677
814
25
906
294
831
576
818
321
132
605
554
188
87
78
360
58
284
675
202
889
95
317
944
64
54
798
603
1
672
343
94
723
710
893
439
219
689
100
189
501
536
965
491
146
875
522
365
641
323
781
281
687
199
504
142
603
22
166
964
869
611
579
63
965
505
329
161
564
439
755
991
242
805
174
411
570
35
893
762
233
659
113
950
223
849
879
92
672
16
966
638
996
139
267
99
700
968
36
105
648
98
994
343
412
360
313
664
735
54
632
496
997
23
355
649
269
824
783
93
994
866
344
773
620
547
997
232
471
295
453
696
66
997
317
434
73
160
23
243
885
613
55
802
851
179
167
812
997
459
938
168
815
353
576
627
267
537
729
857
358
587
821
558
691
924
941
562
216
450
508
779
879
213
644
432
344
220
902
218
114
856
328
914
915
201
504
39
423
345
159
527
875
850
744
15
742
502
425
82
562
113
307
745
931
538
633
67
924
455
19
845
963
283
628
937
880
373
887
30
477
60
438
55
674
196
6
53
876
805
177
972
940
201
818
787
400
652
995
985
340
6
72
735
7
289
613
162
655
173
415
793
215
720
901
948
810
901
482
930
464
30
549
518
471
982
669
888
995
891
820
470
577
428
127
115
900
956
622
512
724
307
660
694
70
234
16
951
314
574
617
335
911
36
458
773
123
294
149
689
829
790
905
42
234
200
936
10
981
664
761
106
425
756
903
758
334
666
236
353
77
87
440
294
551
981
338
539
398
386
49
677
982
622
772
920
602
429
605
165
219
708
495
284
655
72
835
451
594
823
706
729
90
66
811
234
377
140
575
669
800
653
661
128
59
876
374
488
343
186
752
75
297
742
342
957
317
213
613
21
526
895
231
888
155
877
573
510
673
27
609
262
390
324
686
222
97
38
835
450
78
376
313
855
436
653
263
925
460
194
891
861
592
507
804
176
434
115
415
675
495
442
287
98
821
198
916
380
832
678
950
273
858
533
149
762
306
776
787
297
257
373
867
906
20
809
511
216
705
922
590
311
385
866
109
919
3
801
579
538
435
167
203
594
887
235
922
71
274
612
684
39
676
648
196
291
879
500
47
300
289
959
354
58
303
146
400
521
535
502
481
338
701
575
243
349
997
424
238
160
521
238
575
446
218
333
747
933
53
172
727
299
816
603
236
881
101
994
909
184
274
16
957
136
612
862
282
673
155
382
1000
523
99
148
359
117
488
967
116
309
836
877
414
481
920
918
780
799
684
711
89
129
544
888
615
15
512
220
560
74
852
746
53
797
669
351
446
572
204
310
177
782
908
885
217
800
97
973
672
127
467
304
5
9
314
240
871
321
303
178
104
159
832
844
865
536
513
696
780
520
534
18
2
998
910
194
758
177
743
354
401
135
230
527
785
206
702
354
545
819
273
297
403
466
492
361
456
832
96
673
871
263
245
785
71
77
950
26
955
841
962
229
31
167
67
674
419
869
67
760
458
321
662
759
918
702
569
592
751
566
373
71
710
419
104
629
840
818
363
647
602
42
564
580
550
880
784
500
809
463
752
704
927
693
341
973
254
367
854
616
995
900
784
598
402
692
873
350
150
196
754
555
514
209
907
730
917
73
183
650
962
550
643
573
364
390
586
823
142
322
801
62
601
375
638
979
623
75
351
984
89
949
893
328
426
795
977
695
633
390
76
29
331
305
368
411
376
290
961
123
1000
156
832
73
531
458
113
36
368
663
679
742
64
973
754
464
247
821
83
420
385
857
435
7
483
163
837
697
125
661
521
944
262
54
833
300
150
606
574
449
97
184
260
390
551
377
728
284
117
571
344
519
262
852
157
537
790
363
120
880
459
12
110
882
871
768
760
658
404
705
977
128
700
94
850
841
514
189
893
656
320
605
530
951
279
147
254
637
437
406
819
558
196
514
315
715
875
447
622
67
599
59
119
664
801
603
811
986
901
16
845
156
554
526
683
320
347
52
383
625
9
571
937
540
778
690
671
716
259
287
985
639
356
415
963
904
437
696
666
956
414
142
772
257
702
789
692
480
438
53
773
364
915
832
153
916
314
624
444
630
974
863
339
504
698
303
282
231
805
668
216
505
886
894
902
703
607
658
136
76
912
274
624
290
128
841
773
790
584
900
663
692
610
852
441
654
565
41
742
127
148
670
705
248
416
827
584
109
53
474
540
121
809
286
895
13
105
825
344
364
980
742
908
587
245
372
504
327
559
640
518
525
211
345
939
44
69
572
750
219
835
562
975
555
316
685
515
717
966
381
864
784
734
51
965
520
577
238
125
805
967
30
756
713
63
959
321
589
991
452
870
120
976
828
708
331
278
993
893
587
122
68
574
533
808
147
790
234
282
839
619
281
291
853
511
167
873
61
295
99
498
475
159
809
496
700
397
50
839
222
228
969
781
26
823
280
464
231
69
859
753
761
756
91
836
859
718
937
593
414
188
866
975
574
432
687
640
744
558
62
622
188
397
576
478
737
512
381
564
248
937
90
514
26
642
587
932
390
603
763
906
654
832
248
112
541
22
716
238
636
604
338
81
907
344
143
508
525
564
271
883
323
755
995
459
275
557
868
591
708
768
374
715
491
432
396
845
611
354
127
841
555
374
275
538
303
523
452
838
222
654
311
676
459
380
653
522
371
516
552
561
532
324
208
552
48
600
949
864
653
856
55
597
96
555
877
697
499
179
164
449
831
341
753
862
636
920
694
74
757
108
519
647
44
538
90
226
700
241
734
849
498
417
148
955
424
84
813
790
839
371
780
467
567
876
446
589
702
689
112
344
838
28
385
294
428
230
983
122
191
43
595
453
158
606
257
821
536
757
806
418
868
546
225
885
808
618
675
261
318
174
341
866
456
263
749
323
887
161
170
158
937
55
247
348
216
253
155
105
431
922
693
789
978
226
267
311
62
812
801
68
491
638
352
71
437
507
160
816
480
46
915
707
256
262
117
599
799
617
410
765
854
381
123
811
531
328
768
81
692
466
619
624
470
947
443
436
622
71
99
167
484
27
686
703
84
111
175
440
968
269
362
153
658
915
211
971
537
623
61
782
891
240
889
904
421
451
416
983
319
681
156
13
99
159
846
511
924
50
300
975
369
718
242
865
539
791
819
475
72
665
91
598
505
830
614
27
626
189
32
569
585
85
550
348
601
944
607
884
68
207
185
474
324
1
131
300
316
874
167
646
734
630
917
538
781
749
741
525
498
334
586
533
659
382
498
370
235
803
54
224
66
599
1000
377
834
144
264
863
820
43
278
401
728
659
348
144
372
491
489
857
509
696
726
632
855
793
299
487
843
219
956
996
570
513
645
830
816
168
443
431
76
71
771
646
371
133
61
241
283
280
536
719
6
434
934
846
127
747
515
801
995
979
429
502
275
671
608
302
386
641
743
923
292
319
486
708
848
500
842
660
560
921
6
853
291
571
247
117
909
700
649
663
932
760
105
193
509
962
119
466
677
573
23
640
507
935
616
145
582
630
604
468
653
566
242
180
386
823
948
387
121
366
74
114
179
58
703
311
522
630
912
530
740
757
108
321
26
947
935
874
598
152
633
365
776
677
755
57
507
837
773
553
282
374
803
634
821
111
580
946
941
945
829
513
346
200
496
954
796
380
795
213
756
858
474
186
333
652
210
245
36
730
90
601
29
670
966
71
443
322
302
249
46
274
838
64
352
845
4
948
372
319
794
996
247
755
254
157
789
281
472
756
878
337
688
681
49
569
836
187
943
75
944
24
3
40
70
983
956
317
549
721
848
532
764
385
277
225
623
386
720
23
659
391
369
981
970
346
16
517
950
261
243
556
170
469
716
850
339
201
885
123
668
833
584
70
969
290
578
121
839
759
263
323
457
637
108
245
895
481
349
14
553
133
249
467
997
255
902
546
456
35
652
159
457
173
170
151
652
807
922
89
425
842
468
205
802
395
153
768
566
615
216
798
304
704
522
822
286
721
293
302
260
592
590
542
966
505
850
845
656
863
248
902
446
803
157
633
666
477
418
788
737
392
568
1000
247
31
934
687
604
293
112
929
16
736
854
268
433
694
430
94
298
876
483
48
82
496
976
225
473
882
959
244
726
283
985
364
753
174
649
568
331
250
344
152
607
358
229
398
554
436
152
358
125
972
311
192
942
977
306
323
272
866
734
157
529
419
469
440
333
382
445
444
225
794
577
117
400
157
882
363
49
746
168
501
70
104
288
1
847
247
278
602
603
189
823
424
168
82
598
507
612
904
181
245
739
502
236
701
43
653
575
397
902
82
539
342
704
688
596
801
647
109
764
859
323
599
420
827
984
460
718
125
585
891
604
908
295
474
573
433
847
87
282
218
334
634
541
605
355
983
454
124
334
868
970
917
795
210
165
910
740
503
455
886
784
822
929
974
813
706
80
242
488
502
323
805
481
897
961
292
864
330
702
184
744
219
170
862
569
394
600
417
679
726
67
114
448
906
815
985
151
95
621
13
551
781
434
212
708
745
555
619
781
757
70
532
106
445
359
563
127
596
872
762
486
641
542
31
935
851
61
439
2
861
58
575
437
732
575
31
152
624
744
678
154
152
303
318
10
287
71
142
943
293
509
806
678
768
305
663
265
170
215
607
927
364
807
895
195
552
1000
86
522
860
428
672
32
2
268
581
938
618
137
787
366
975
143
541
418
932
249
946
597
85
439
660
906
233
586
632
767
712
511
517
584
925
19
123
998
732
686
666
491
565
577
425
571
840
389
806
962
865
10
535
23
313
645
763
47
421
388
942
380
787
166
706
17
137
647
175
647
75
464
596
96
796
549
539
3
194
257
919
218
655
969
447
669
307
935
998
564
187
778
63
549
903
74
811
615
194
319
323
490
189
945
981
981
99
526
312
972
906
209
406
272
876
212
921
8
297
684
940
240
892
415
837
383
606
149
710
114
303
257
596
779
657
878
290
768
168
989
570
250
81
948
282
47
85
172
176
4
435
356
653
72
505
37
969
116
867
864
290
689
746
45
924
539
143
802
198
175
35
7
293
726
727
927
383
667
659
78
510
938
128
574
682
427
540
666
494
573
553
139
936
854
983
833
74
640
284
712
792
960
676
184
715
972
482
948
476
508
197
811
927
480
964
741
478
651
806
535
339
409
906
618
239
913
353
677
24
690
395
367
463
788
393
419
558
941
146
654
184
154
444
155
118
541
473
487
185
731
160
803
506
359
352
523
429
405
671
226
837
280
596
78
505
113
316
398
796
61
677
768
385
674
92
969
809
203
946
836
835
945
51
515
427
560
124
16
948
104
448
889
58
506
62
704
841
797
847
398
980
407
478
700
379
402
673
2
438
223
302
738
37
403
927
209
847
490
885
330
379
891
520
95
864
401
549
561
508
994
157
641
576
847
12
872
722
386
956
118
211
335
930
205
615
763
773
308
967
779
111
844
652
715
6
309
395
423
790
232
973
767
402
712
832
123
514
730
307
886
575
939
200
833
93
902
59
428
648
670
362
446
708
177
168
359
687
427
734
938
289
161
612
844
398
594
255
185
248
709
751
360
554
912
673
766
63
618
636
683
483
75
81
17
641
977
676
312
855
168
314
486
156
676
692
102
355
84
374
849
13
460
648
452
40
311
410
468
590
247
281
360
692
301
676
490
329
603
443
127
802
270
890
495
161
915
644
600
800
777
499
330
764
949
857
372
931
162
725
626
782
691
380
184
622
689
438
328
895
609
317
994
864
959
739
193
17
119
537
409
711
905
855
34
322
645
589
301
463
994
932
926
332
988
273
925
625
121
976
352
69
35
303
411
13
272
315
912
698
606
751
934
229
133
183
4
161
732
34
484
568
757
350
740
509
936
391
614
535
809
882
377
226
758
17
773
361
815
186
673
240
630
579
751
221
719
12
471
91
348
387
300
967
628
281
191
939
466
128
898
544
705
326
388
831
130
745
413
83
167
298
810
983
566
716
184
504
789
379
654
844
293
578
904
347
180
784
334
384
416
411
821
883
641
835
706
135
626
468
54
413
605
283
198
973
371
46
597
689
614
838
442
390
598
177
47
329
393
130
744
370
653
759
626
519
257
286
163
923
801
383
586
835
265
919
765
132
730
668
426
567
83
571
158
969
974
166
691
421
351
588
515
50
474
658
320
208
354
856
827
751
770
210
192
210
975
756
474
627
519
753
222
416
259
874
767
675
394
315
551
557
636
540
280
14
151
27
596
904
936
2
774
122
210
937
887
674
460
823
622
961
776
310
470
496
998
904
491
612
415
899
680
288
251
695
425
219
96
923
100
914
115
463
267
688
410
408
792
194
135
27
109
168
905
63
103
457
655
385
849
794
934
490
784
742
658
132
741
178
391
974
322
60
514
472
521
680
715
250
407
697
102
645
103
854
53
550
112
466
921
100
56
167
402
313
423
258
313
569
784
719
186
16
484
558
413
120
507
398
946
289
575
341
952
835
178
755
138
266
658
390
89
946
208
884
899
684
419
649
642
967
376
819
855
248
166
588
460
468
719
267
419
321
40
660
282
53
566
404
474
597
166
50
730
242
664
733
725
17
804
561
653
506
38
957
889
922
455
366
207
137
168
56
321
400
40
158
420
807
321
785
387
460
539
88
736
909
189
377
664
237
993
118
534
647
340
355
826
20
704
313
244
643
489
40
429
110
753
443
9
290
552
313
558
363
990
240
116
887
205
158
585
95
147
177
920
223
400
340
732
142
446
653
284
26
712
652
241
503
475
592
83
696
68
218
172
178
697
509
875
726
434
170
830
667
702
371
204
930
520
938
980
432
948
947
906
288
114
600
613
808
716
485
44
969
220
944
107
267
173
977
351
619
753
679
796
629
924
906
469
400
565
67
106
444
639
652
227
28
267
727
585
685
515
528
940
711
908
960
578
170
892
142
623
585
820
368
944
311
292
106
819
940
754
643
131
533
480
33
382
301
190
661
123
183
574
971
4
715
802
780
123
567
672
279
430
781
487
554
238
836
513
573
457
999
715
345
393
199
131
681
490
418
614
513
365
877
320
771
10
184
5
989
737
208
738
97
388
288
40
413
561
181
811
145
663
813
66
816
689
701
101
743
907
674
43
582
633
94
977
493
578
307
101
885
211
169
814
442
913
417
958
497
895
678
423
899
19
546
335
338
689
565
847
944
805
560
615
822
974
474
94
457
298
274
959
109
1000
307
279
914
558
822
514
885
928
368
584
710
675
846
165
412
575
260
675
697
171
213
128
305
558
378
557
827
783
346
14
868
751
300
894
199
421
472
606
117
226
767
931
322
182
90
397
318
584
857
853
678
671
539
475
517
625
419
947
885
990
615
459
709
558
766
216
697
382
148
755
752
157
371
643
882
196
848
92
672
610
453
67
997
280
185
968
510
998
878
436
967
662
677
778
609
45
934
879
706
152
416
703
545
214
914
888
808
748
60
897
384
375
737
358
580
394
992
163
6
374
270
175
133
344
563
344
484
168
536
429
709
609
816
829
336
860
912
145
62
204
343
980
731
330
388
255
63
873
24
561
676
552
556
597
508
600
434
619
58
383
320
151
7
474
410
794
872
410
681
404
279
60
204
37
710
430
212
762
59
951
354
85
283
576
837
612
163
52
290
194
930
206
75
764
520
987
681
297
884
614
352
129
401
648
631
884
995
991
619
196
264
117
962
525
325
375
64
873
367
165
535
696
380
256
159
431
175
841
119
559
407
731
958
562
128
987
667
201
509
163
205
43
746
387
787
877
630
251
593
600
681
897
510
558
41
212
462
914
807
152
841
350
472
668
976
180
63
974
383
115
45
77
721
401
454
548
769
614
997
384
463
951
881
4
732
411
388
824
69
875
851
195
811
293
838
399
802
404
71
658
667
706
648
256
312
453
279
277
900
326
69
206
703
84
442
239
375
133
912
568
488
675
282
113
255
936
538
71
177
348
561
64
825
859
518
313
664
166
706
670
742
191
382
611
217
210
738
695
167
550
540
293
206
711
411
419
61
374
111
764
993
335
88
677
936
538
878
394
914
572
560
809
25
291
278
894
271
815
228
451
941
398
187
23
70
171
229
980
143
136
734
237
76
882
648
952
666
140
254
950
822
712
377
920
138
157
142
646
171
482
433
30
483
477
208
604
759
756
992
553
976
779
398
345
281
792
645
780
676
655
503
977
459
56
398
56
344
6
278
691
256
828
897
249
361
470
618
647
945
122
413
418
753
749
260
334
659
686
894
713
559
332
238
968
429
716
878
53
164
848
585
423
827
350
902
657
668
607
608
969
700
96
731
614
451
477
386
419
294
151
574
568
167
104
106
70
36
417
403
550
307
456
163
991
471
438
938
412
352
391
326
335
83
282
731
427
806
661
812
924
344
30
540
28
912
666
563
302
669
152
535
242
66
559
314
995
956
154
11
909
818
725
735
995
248
267
321
959
795
849
43
592
863
169
853
494
72
537
771
104
572
313
807
317
399
94
564
421
728
662
887
570
699
13
936
67
841
177
79
285
556
299
32
951
761
239
676
272
919
144
379
124
920
976
757
848
557
425
982
582
677
515
239
490
812
523
838
257
261
717
13
378
993
361
50
234
944
476
894
491
451
821
7
477
322
297
483
270
580
224
117
116
645
377
710
347
394
562
795
111
864
809
344
700
846
886
31
424
226
426
699
148
81
576
269
318
864
849
313
918
301
547
676
567
178
473
638
370
568
893
893
319
358
530
117
495
563
70
508
451
667
189
610
894
306
327
899
57
832
134
264
857
396
830
797
404
328
993
222
245
224
735
607
723
915
27
563
142
250
267
42
385
931
714
244
735
237
699
37
487
615
510
29
138
75
983
812
389
255
864
354
145
862
529
983
518
328
503
474
325
865
875
321
761
676
322
976
634
721
246
59
472
548
837
266
925
410
779
278
158
765
321
923
243
171
906
428
814
452
436
24
25
220
230
800
290
616
772
912
109
798
904
21
395
322
137
416
667
466
300
108
318
687
963
91
789
465
846
807
83
958
654
821
150
75
321
270
453
851
161
995
263
245
368
855
907
203
729
484
255
754
394
441
937
315
107
352
672
592
159
548
991
980
309
622
227
799
398
737
610
1000
316
957
20
470
749
741
250
468
180
477
998
914
990
411
511
444
72
282
985
129
263
611
808
571
385
616
708
81
166
169
186
503
460
843
913
580
972
993
392
423
863
826
694
691
136
835
575
654
931
827
336
18
633
421
272
859
854
892
81
476
723
382
439
860
972
43
954
341
976
959
198
630
518
288
189
407
479
776
551
899
384
439
644
216
330
882
378
281
876
979
541
476
135
826
789
260
544
36
598
871
606
855
68
731
289
536
986
589
79
707
628
48
784
439
702
153
388
211
248
377
750
352
333
768
101
30
497
980
784
116
31
644
434
12
441
56
452
73
611
418
32
577
781
792
891
610
178
347
779
348
193
584
626
474
978
97
34
866
489
521
521
829
430
993
669
758
280
302
535
750
503
56
406
552
775
30
393
128
468
308
610
660
531
282
909
185
818
347
831
735
230
716
310
446
659
221
542
66
513
317
700
879
34
417
326
856
2
100
90
418
445
609
275
69
49
945
612
742
147
275
336
809
921
188
889
985
885
404
766
980
575
760
57
758
425
128
898
308
66
800
946
784
928
347
177
264
870
78
15
933
856
321
384
32
394
248
847
118
733
333
673
349
388
7
622
732
376
905
575
37
240
193
281
55
328
862
249
596
106
554
478
194
454
360
265
735
143
584
250
122
190
942
578
209
874
982
857
102
316
856
929
814
660
574
892
894
204
888
347
615
78
231
402
434
910
690
805
424
681
575
521
284
620
613
458
804
266
38
363
211
511
686
351
268
73
752
830
467
466
829
802
820
697
183
240
277
234
559
727
798
870
842
468
898
692
967
671
17
12
758
295
463
870
788
551
721
149
872
788
899
199
710
973
458
988
437
979
747
823
558
140
947
399
565
707
92
69
398
10
603
591
856
557
591
541
63
958
747
710
531
645
30
868
206
617
183
783
480
356
416
127
144
742
508
313
990
349
817
163
61
484
369
174
221
900
249
976
828
925
790
635
647
480
441
138
619
100
667
46
131
118
184
989
77
329
257
950
440
541
214
997
992
477
944
646
725
216
314
797
513
259
26
15
395
634
457
681
13
468
59
443
199
243
510
407
79
341
98
87
180
746
695
152
329
776
122
153
461
978
452
332
987
567
739
815
744
548
433
222
689
294
221
798
850
946
782
138
468
118
763
120
140
973
700
271
643
776
79
105
384
898
936
237
219
263
17
190
305
290
151
758
206
690
755
936
248
139
484
278
890
892
72
394
11
507
457
350
29
759
757
978
915
200
846
231
652
446
999
718
731
456
98
577
611
642
691
815
571
375
114
702
710
140
734
570
703
814
135
96
979
490
502
823
514
346
307
716
318
804
640
256
10
625
817
227
645
688
704
609
195
670
52
8
380
787
838
356
205
250
131
694
604
528
90
333
918
741
674
845
632
585
912
531
823
226
937
345
93
906
913
910
374
935
284
26
144
969
99
816
254
806
861
55
343
555
65
424
657
645
384
256
863
620
349
43
594
354
648
748
615
565
960
968
557
369
687
22
924
160
834
746
710
280
87
700
603
951
519
520
278
870
132
629
449
567
703
616
524
825
399
230
905
454
311
934
727
906
528
816
602
571
312
30
220
366
733
718
255
410
311
702
805
789
920
16
98
498
223
180
964
764
318
330
712
899
279
25
787
679
732
223
667
596
986
502
296
320
385
815
61
892
802
142
337
484
599
542
363
198
152
230
336
971
406
788
680
424
364
843
506
631
904
138
961
795
771
913
883
18
420
194
717
437
122
981
64
753
177
749
59
279
438
932
473
213
492
470
657
959
100
591
798
417
926
3
342
620
994
789
933
519
194
300
782
501
260
921
304
405
146
30
858
760
719
232
515
448
736
226
334
468
486
789
130
183
968
530
269
913
178
780
656
564
828
331
447
947
137
817
214
306
217
385
207
579
561
978
408
202
199
829
406
48
43
641
585
944
700
541
164
985
628
484
544
37
536
612
236
387
852
94
388
924
301
685
480
154
605
557
122
984
127
145
394
555
736
666
743
281
87
609
854
453
317
396
652
239
367
712
641
60
109
648
973
201
182
689
92
394
87
548
329
176
116
511
924
922
199
296
561
50
278
969
106
564
83
229
518
90
712
498
386
870
758
206
975
978
71
979
621
811
181
657
887
890
178
750
193
225
908
192
87
955
88
500
747
904
722
618
919
285
911
215
35
23
918
387
91
965
306
538
221
579
652
62
944
633
448
117
239
721
418
506
452
433
812
537
447
931
573
473
7
49
873
724
419
621
730
881
11
141
569
493
395
177
816
429
122
285
88
722
279
601
225
808
15
9
646
848
467
220
235
595
598
847
402
48
271
365
734
298
914
476
646
721
63
341
1000
265
937
682
704
40
26
845
215
452
701
273
301
440
918
467
462
355
842
947
813
952
620
186
332
392
729
922
872
268
169
55
236
244
253
753
578
873
736
745
213
677
625
614
856
41
249
801
976
358
993
484
169
732
589
927
276
579
783
36
324
949
214
517
211
459
812
833
893
944
455
533
537
922
758
404
467
408
130
185
519
580
962
144
517
841
341
63
982
489
423
343
730
43
828
716
296
639
233
210
440
338
76
818
865
263
795
702
192
773
952
804
76
319
847
206
713
232
716
811
675
144
74
633
781
725
473
171
78
425
726
876
392
580
996
170
744
476
475
801
167
467
938
269
107
9
423
145
225
137
202
221
218
218
391
884
404
818
208
432
40
161
690
970
27
300
158
27
701
909
975
179
365
442
797
736
725
15
580
222
221
39
885
9
348
372
135
929
234
95
771
440
230
445
911
209
151
660
820
463
269
452
974
987
706
165
310
734
570
306
494
476
526
34
443
812
644
442
784
666
515
312
171
318
525
182
694
24
745
105
590
426
310
764
726
599
754
393
479
254
936
905
33
818
588
340
31
347
196
226
341
628
109
611
40
147
330
533
226
779
953
580
132
209
457
205
786
487
666
804
831
39
797
633
212
949
979
325
99
996
420
381
127
791
295
783
5
158
394
189
132
599
622
95
490
85
394
153
635
257
16
322
951
353
542
832
491
491
311
459
609
214
66
680
228
481
483
765
646
355
104
176
297
312
254
295
390
485
296
494
832
911
918
921
857
356
615
382
548
